"condition","score","logz","sdev"
1,-13.8784110592362,NA,NA
1,-6.37893782051392,NA,NA
1,-3.94497456139238,NA,NA
1,-5.85897248772176,NA,NA
1,-6.34879516157028,NA,NA
1,-6.74108480256265,NA,NA
1,-4.96375522375857,NA,NA
1,-1.65875793746652,NA,NA
1,-8.24631132275091,NA,NA
1,-0.7468380840286,NA,NA
1,1.68712517509294,2.91849674412911,NA
1,-0.226872751236439,NA,NA
1,-0.716695425084954,NA,NA
1,-1.10898506607732,NA,NA
1,0.668344512726751,NA,NA
1,3.97334179901881,5.60314945478263,0.0163188573588835
1,-7.70776318236984,NA,NA
1,-0.208289943647528,NA,NA
1,2.22567331547401,3.1554237760542,0.221222925617075
1,0.311675389144633,NA,NA
1,-0.178147284703882,NA,NA
1,-0.570436925696252,NA,NA
1,1.20689265310782,NA,NA
1,4.51188993939988,5.32111420332389,0.193991275745069
1,-9.65697819665986,NA,NA
1,-2.15750495793755,NA,NA
1,0.276458301183993,NA,NA
1,-1.63753962514539,NA,NA
1,-2.1273622989939,NA,NA
1,-2.51965193998627,NA,NA
1,-0.742322361182197,NA,NA
1,2.56267492510986,3.87154366503438,0.0520000596053468
1,-11.4778192099771,NA,NA
1,-3.97834597125476,NA,NA
1,-1.54438271213322,NA,NA
1,-3.4583806384626,NA,NA
1,-3.94820331231112,NA,NA
1,-4.34049295330349,NA,NA
1,-2.56316337449941,NA,NA
1,0.741833911792641,NA,NA
1,-4.50430710082167,NA,NA
1,2.99516613790064,4.71939121085293,0.0403725726036655
1,5.42912939702218,6.38150453049056,0.0958165981258371
1,3.5151314706928,5.05713454971049,0.098379744060336
1,3.02530879684429,4.64237191818161,0.0937238471782036
1,2.63301915585192,4.12529279446518,0.108006812820417
1,4.41034873465599,5.67566645203549,0.0450558995762969
1,7.71534602094805,7.40035826088759,0.0459329179607224
2,-13.8784110592362,NA,NA
2,-6.37893782051392,3.01735743100658,0.25676267500852
2,-3.94497456139238,3.14492819301754,0.0583530837484114
2,-5.85897248772176,NA,NA
2,-6.34879516157028,NA,NA
2,-6.74108480256265,NA,NA
2,-4.96375522375857,3.29324033888032,0.158505727059513
2,-1.65875793746652,5.85341766769518,0.0725550684727876
2,-8.24631132275091,3.30674617806926,0.0281580516840503
2,-0.7468380840286,5.80885316852468,0.0325923285674615
2,1.68712517509294,7.59111095662224,0.00375070095035582
2,-0.226872751236439,6.2905753110716,0.0315809442418783
2,-0.716695425084954,5.97684397272201,0.0144567424770347
2,-1.10898506607732,5.67192693412891,0.0361774067329796
2,0.668344512726751,7.13204994566803,0.0358427138855708
2,3.97334179901881,9.19475611183529,0.0485795729345485
2,-7.70776318236984,2.86244772106853,NA
2,-0.208289943647528,6.63285198582504,0.074916391690468
2,2.22567331547401,8.17849325169337,0.0407842616953378
2,0.311675389144633,7.21595483222009,0.0653468924380178
2,-0.178147284703882,6.69890050328018,0.0674401781877
2,-0.570436925696252,6.34940504066898,0.0412323765365638
2,1.20689265310782,7.87862716115594,0.0336699466331247
2,4.51188993939988,8.99357330273149,0.0452690417468074
2,-9.65697819665986,2.95351947385365,0.0627774339733082
2,-2.15750495793755,5.03918761785199,0.0852726576434969
2,0.276458301183993,6.92411570468956,0.0680007008273744
2,-1.63753962514539,5.49690960172975,0.0393908788725795
2,-2.1273622989939,5.15014174853363,0.0913868397708564
2,-2.51965193998627,4.68122809097544,0.0970788958980767
2,-0.742322361182197,6.39910475210122,0.0895302503596201
2,2.56267492510986,8.18826050308505,0.058426184133243
2,-11.4778192099771,NA,NA
2,-3.97834597125476,3.92586442009297,0.169407676434534
2,-1.54438271213322,5.66404158497027,0.0781379151030127
2,-3.4583806384626,4.14449313996577,0.120034791662957
2,-3.94820331231112,3.7438688327447,0.194584407884905
2,-4.34049295330349,3.20955499152622,0.282356621778806
2,-2.56316337449941,4.90462358540778,0.0212933814620856
2,0.741833911792641,7.27356011601974,0.0624464830200023
2,-4.50430710082167,3.84462942750008,0.115964725982384
2,2.99516613790064,8.3357869624839,0.101764892386882
2,5.42912939702218,8.98788117358365,0.085499470008226
2,3.5151314706928,8.71706860693103,0.0463238822572793
2,3.02530879684429,8.34025379589523,0.0218632467641417
2,2.63301915585192,8.14635212235671,0.0824549385315199
2,4.41034873465599,8.91675515614662,0.0481246499310028
2,7.71534602094805,9.39861288160373,0.0660979660327503
3,-13.8784110592362,NA,NA
3,-6.37893782051392,NA,NA
3,-3.94497456139238,NA,NA
3,-5.85897248772176,NA,NA
3,-6.34879516157028,NA,NA
3,-6.74108480256265,NA,NA
3,-4.96375522375857,NA,NA
3,-1.65875793746652,3.83231472326089,0.140301933600427
3,-8.24631132275091,NA,NA
3,-0.7468380840286,4.96910133064908,0.00714389656457101
3,1.68712517509294,7.3840280593924,0.0248236097898087
3,-0.226872751236439,5.36794383163136,0.0850595340225014
3,-0.716695425084954,4.9838341656433,0.027388018539078
3,-1.10898506607732,4.61778719044367,0.035178292784117
3,0.668344512726751,6.08706416326649,0.101419116132094
3,3.97334179901881,9.32771993931856,0.0366263242801579
3,-7.70776318236984,NA,NA
3,-0.208289943647528,5.14744642450091,0.0615112600989297
3,2.22567331547401,7.60472297346449,0.0698784090185847
3,0.311675389144633,5.74459203018519,0.238749598482971
3,-0.178147284703882,5.26213330122524,0.103364246713232
3,-0.570436925696252,4.771470222101,0.0548443982516615
3,1.20689265310782,6.15483593537474,0.0250416150850835
3,4.51188993939988,9.23691759647878,0.0856639977799192
3,-9.65697819665986,NA,NA
3,-2.15750495793755,4.09149303160611,0.0706107822751911
3,0.276458301183993,6.20610658734557,0.0136571071420197
3,-1.63753962514539,4.39206475254531,0.0577841394163482
3,-2.1273622989939,3.94984215930165,0.151701750723992
3,-2.51965193998627,3.33802957215075,0.16305036556325
3,-0.742322361182197,4.93875228007683,0.0919845013349855
3,2.56267492510986,7.8871894397132,0.0394080689876757
3,-11.4778192099771,NA,NA
3,-3.97834597125476,3.40775735600728,0.142933294563355
3,-1.54438271213322,4.26768726971363,0.0333589680934382
3,-3.4583806384626,3.69827474815396,0.286454691218963
3,-3.94820331231112,3.11523579353694,0.0627909919612208
3,-4.34049295330349,NA,NA
3,-2.56316337449941,3.82043706268428,0.0667855835348571
3,0.741833911792641,6.0413608134401,0.0859890848363775
3,-4.50430710082167,3.53779946137653,0.0420760435870654
3,2.99516613790064,8.5679237593012,0.0432359868600584
3,5.42912939702218,10.4144895594494,0.0410998955117545
3,3.5151314706928,8.81726476364243,0.0362444226873681
3,3.02530879684429,8.48298703767697,0.0498161699102217
3,2.63301915585192,8.2080671616227,0.0388794052713845
3,4.41034873465599,9.43678936375105,0.212451148847472
3,7.71534602094805,11.0719236292741,0.0148794446594597
4,-13.8784110592362,NA,NA
4,-6.37893782051392,4.94390607130361,0.026177883290159
4,-3.94497456139238,7.48759553026671,0.0180101705687178
4,-5.85897248772176,5.2873662878175,0.0113524184596862
4,-6.34879516157028,4.83554871732297,0.0363103743935087
4,-6.74108480256265,5.2875407743001,0.0543112368863466
4,-4.96375522375857,6.37929804737315,0.0211433929680705
4,-1.65875793746652,9.96843298565077,0.0268905522982237
4,-8.24631132275091,3.89382368332081,0.045146504316838
4,-0.7468380840286,9.90605059652911,0.0617744567415525
4,1.68712517509294,11.2912425899481,0.0266071883558002
4,-0.226872751236439,10.2175007284662,0.0710646877838463
4,-0.716695425084954,9.98830218591641,0.0942061955508557
4,-1.10898506607732,9.84274182664835,0.0316162219282959
4,0.668344512726751,10.8420397016904,0.0864144641518887
4,3.97334179901881,11.6245759706254,0.0083681676817934
4,-7.70776318236984,4.57171478866075,0.0694912905031832
4,-0.208289943647528,10.7606263046109,0.0421896675680322
4,2.22567331547401,11.4309524250187,0.0635735400507978
4,0.311675389144633,10.9777577527006,0.0218667929491883
4,-0.178147284703882,10.8206610047112,0.0490356353230395
4,-0.570436925696252,10.6418977074022,0.0106194770478594
4,1.20689265310782,11.1995650379109,0.0233570733560523
4,4.51188993939988,11.640730041398,0.0252074897828776
4,-9.65697819665986,3.4763605226476,0.30474038944703
4,-2.15750495793755,9.05453095174629,0.0262607369886859
4,0.276458301183993,11.0435152544353,0.037971767636424
4,-1.63753962514539,9.40586964456388,0.0446795556454033
4,-2.1273622989939,9.08189965107795,0.0496288083455184
4,-2.51965193998627,8.72994635374555,0.0322559884122401
4,-0.742322361182197,10.2172398722748,0.0638593409818047
4,2.56267492510986,11.4550834371807,0.0918456938736859
4,-11.4778192099771,NA,NA
4,-3.97834597125476,7.26696917215127,0.0487178962139119
4,-1.54438271213322,9.98624705361755,0.0394092543757953
4,-3.4583806384626,7.83248240482087,0.0753923938465311
4,-3.94820331231112,7.3502239188863,0.0451597869094186
4,-4.34049295330349,6.91260713742877,0.0347109122966432
4,-2.56316337449941,8.7030059920381,0.0034874271654714
4,0.741833911792641,11.1427688971725,0.0338998848404747
4,-4.50430710082167,6.53611334032066,0.0462150445661429
4,2.99516613790064,11.0575640386995,0.0246298521730714
4,5.42912939702218,11.2835314855407,0.0283894754933189
4,3.5151314706928,11.2907664605813,0.0292720504440757
4,3.02530879684429,11.2063475204966,0.0349070931985403
4,2.63301915585192,11.1582045398382,0.0204463930235853
4,4.41034873465599,11.2451702627442,0.0215472121283313
4,7.71534602094805,11.4677509619615,0.0247306774872561
