"score","logz","prediction","sd"
-19.7524692702496,NA,3.24569463662909,NA
-11.1480232856428,6.39088133997504,6.35498743420721,0.0134603282919494
-8.05651735983329,9.53352915273562,9.2958082896338,0.0491084601851837
-10.0981780721096,7.37630775773218,7.36568262872365,0.0662408482896474
-10.7408367183569,6.62565162855806,6.744561376976,0.0397244079717893
-11.2723852925181,6.32445083432757,6.23709595928694,0.0126820423903682
-9.36008049750988,8.38345254351068,8.07887098516189,0.0329067253040998
-6.35587413989019,11.0628079060996,10.603817057622,0.0558658129301066
-14.5439921475736,4.40510714641945,3.78639015012464,0.112391093452383
-5.93954616296677,10.8247724258583,10.8340330351017,0.0238132273671434
-2.8480402371573,11.5809494116952,11.4854990102029,0.0474469262274064
-4.88970094943362,11.2625991043608,11.2284937552566,0.0128240957190462
-5.5323595956809,11.1789455040493,11.0176154850139,0.0666154351800596
-6.06390816984213,10.8173340890051,10.7697503749641,0.0258445118222588
-4.15160337483388,11.3340418800479,11.3746094160916,0.0342979057111985
-1.14739701721419,11.4917805909877,11.5218920964071,0.0266036480032743
-15.1678972700186,3.80073162217036,3.56959666801564,0.0645240921885943
-6.56345128541173,10.448727212996,10.4734233658355,0.0417682924942146
-3.47194535960225,11.5165259510149,11.4483282401751,0.0321247580354813
-5.51360607187858,11.0706961173669,11.025093289735,0.0378902665740242
-6.15626471812585,10.8438849596214,10.7195224726718,0.0255194805362863
-6.68781329228709,10.5297668237097,10.390598096997,0.0485387752654068
-4.77550849727883,11.2990381039922,11.2569999185086,0.0741992078883883
-1.77130213965914,11.5107591518381,11.5147474166482,0.0459099827596668
-16.5132723122293,3.0258608241037,3.33801086832012,0.0705336798105828
-7.90882632762244,9.27533534154376,9.4263513808239,0.0604304602149602
-4.81732040181296,11.3241943490175,11.2468449120243,0.0596943353336653
-6.85898111408929,10.3274750759399,10.2711463408961,0.0462272478755048
-7.50163976033657,9.64173544092817,9.77353480593665,0.0274932161564791
-8.0331883344978,9.22934809119565,9.3165705330032,0.0523150121490187
-6.12088353948955,10.990152258909,10.7390140585833,0.0411330767042692
-3.11667718186986,11.4535166654296,11.4721152842252,0.0184879105197793
-18.3877997879414,2.87456514345554,3.25712752271682,0.133369091227321
-9.78335380333451,7.30854158066446,7.6705528338708,0.0320213381048948
-6.69184787752503,10.5962444443324,10.3878540583195,0.0274833212374913
-8.73350858980136,8.51168719130309,8.67482220372254,0.023368000088186
-9.37616723604864,7.6339376976752,8.06341095261632,0.0488025034425311
-9.90771581020987,7.22924861081269,7.55017512361041,0.0429674649608157
-7.99541101520162,9.64365369238078,9.35008114824157,0.0495965269778298
-4.99120465758193,11.3403897739495,11.2010517767206,0.0244211958976192
-11.8759356658998,5.13269940270239,5.67613175067277,0.0659317670866989
-3.27148968129295,10.8223120577165,11.4627105341081,0.0160634281358534
-0.179983755483477,11.5035680895379,11.5270370384129,0.0194686697460888
-2.22164446775981,11.2318941627531,11.5060602246458,0.0293660148478473
-2.86430311400708,11.1768680540133,11.4847824357018,0.01381802220111
-3.39585168816831,10.8319943812782,11.4541048698376,0.0145768826953854
-1.48354689316006,11.2479179956301,11.5185901563449,0.0739639507900064
1.52065946445963,11.6273217373255,11.529625401234,0.0343662022893388
