"score","logz","prediction","sd"
-19.7524692702496,NA,3.24175194965805,NA
-11.1480232856428,3.01341321352128,3.29743980927496,0.292703668149977
-8.05651735983329,4.24800883362028,4.05725427360499,0.0726678911757124
-10.0981780721096,3.86264746634809,3.39330553924668,0.1004882097433
-10.7408367183569,3.70181328311859,3.32430296829486,0.128346637855152
-11.2723852925181,3.21923781015549,3.29108444768773,0.0857582574500336
-9.36008049750988,3.64939679402531,3.5361547440509,0.136917695305621
-6.35587413989019,5.63862614065457,5.30780155040368,0.0397457476360245
-14.5439921475736,2.77987771162473,3.24365893761277,0.0183359482561564
-5.93954616296677,5.87670209456271,5.67921427566746,0.0770402599476733
-2.8480402371573,8.25368450122465,8.63015199620264,0.027968615916406
-4.88970094943362,6.61519928506312,6.66587642034321,0.019635784322161
-5.5323595956809,6.11310513898395,6.05549788213366,0.0361589611903251
-6.06390816984213,5.80537876558021,5.56663450154688,0.0567531320895283
-4.15160337483388,7.03536891826962,7.37883115456311,0.0719654532297022
-1.14739701721419,9.56746117116347,10.1078917898891,0.0298751107376423
-15.1678972700186,NA,3.24276938941427,NA
-6.56345128541173,5.28903093460548,5.12930631877299,0.00338995606094371
-3.47194535960225,7.89761128752906,8.03573732561841,0.0318448121053517
-5.51360607187858,6.2171579004705,6.07306623708999,0.0258471521112046
-6.15626471812585,5.55412249369747,5.48387853182806,0.0108293347834702
-6.68781329228709,5.27632867751117,5.02493752235205,0.0806094599801687
-4.77550849727883,6.71722975949248,6.77567055025228,0.0184812288628917
-1.77130213965914,9.22099126498611,9.6032801295103,0.0306650940721229
-16.5132723122293,NA,3.24200927117912,NA
-7.90882632762244,4.14094500608177,4.14224786434619,0.0299621794669162
-4.81732040181296,6.6972803199048,6.73543635611243,0.0240928550010702
-6.85898111408929,5.00296043720758,4.88482783832168,0.0165125128939006
-7.50163976033657,4.51579459943807,4.4032170317633,0.0303603949407143
-8.0331883344978,4.10965109601414,4.07032510145385,0.082832837370388
-6.12088353948955,5.56749191465645,5.51549165269369,0.0742881836899635
-3.11667718186986,8.16760256291073,8.37583484229439,0.0166050419482795
-18.3877997879414,3.06548727066426,3.24178254662647,0.0951302504296943
-9.78335380333451,2.96801686971978,3.4440323362446,0.165358974270284
-6.69184787752503,5.28457099006776,5.02158645580711,0.0373204471043832
-8.73350858980136,4.1258450265062,3.73676126749052,0.0421569757161858
-9.37616723604864,3.8216110941287,3.5320769842673,0.0473604466380895
-9.90771581020987,3.33802579335112,3.422384071117,0.0828238692403099
-7.99541101520162,4.28492841384142,4.09177438710774,0.134237437973506
-4.99120465758193,6.82931684325811,6.56854218790139,0.044045363877642
-11.8759356658998,3.11324149922229,3.26902681593591,0.189650219888108
-3.27148968129295,8.6531125226079,8.22806995288112,0.0658707263602273
-0.179983755483477,10.8580021101593,10.7433224615565,0.0108904943797082
-2.22164446775981,9.18608362813404,9.20793060332058,0.0292296060901554
-2.86430311400708,8.72542095246221,8.61484403884309,0.0361826483763027
-3.39585168816831,8.40533334338298,8.10886381371496,0.0283648982716294
-1.48354689316006,9.55742585074924,9.84333020817435,0.0275284846549091
1.52065946445963,11.3447700841871,11.3325831965886,0.0110856615613744
