"condition","score","logz","sdev"
1,-12.0114009554034,NA,NA
1,-5.02879258631515,NA,NA
1,-2.36250094630955,NA,NA
1,-3.96622472832745,NA,NA
1,-4.63755132948213,NA,NA
1,-5.00220163094534,NA,NA
1,-3.06268655520205,NA,NA
1,-0.429317569351452,NA,NA
1,-7.77925658143455,NA,NA
1,-0.796648212346261,2.32163421284337,NA
1,1.86964342765935,2.74574191011257,NA
1,0.26591964564144,2.47580791615922,NA
1,-0.405406955513238,NA,NA
1,-0.770057256976442,NA,NA
1,1.16945781876685,2.82446973951602,0.354448437371585
1,3.80282680461744,4.73037899091913,0.0398972503950326
1,-8.11836671721131,NA,NA
1,-1.13575834812303,NA,NA
1,1.53053329188258,NA,NA
1,-0.0731904901353264,NA,NA
1,-0.744517091290005,NA,NA
1,-1.10916739275321,NA,NA
1,0.830347682990082,2.5911675335352,0.0943515707398724
1,3.46371666884068,4.45793975602822,0.0186693435478453
1,-9.70219358573645,NA,NA
1,-2.71958521664817,NA,NA
1,-0.0532935766425577,NA,NA
1,-1.65701735866046,NA,NA
1,-2.32834395981514,NA,NA
1,-2.69299426127835,NA,NA
1,-0.753479185535056,NA,NA
1,1.87988980031554,3.23886721196228,0.125713049728668
1,-11.240090309542,NA,NA
1,-4.25748194045372,NA,NA
1,-1.59119030044811,NA,NA
1,-3.19491408246602,NA,NA
1,-3.8662406836207,NA,NA
1,-4.2308909850839,NA,NA
1,-2.29137590934061,NA,NA
1,0.341993076509983,NA,NA
1,-4.84118673124257,NA,NA
1,2.14142163784571,3.83424951251616,0.0862548075076183
1,4.80771327785132,5.53649873634508,0.0204050514404743
1,3.20398949583341,4.27017907055682,0.0393035544604225
1,2.53266289467874,3.87449067956624,0.104765399132486
1,2.16801259321553,3.44090364423492,0.097964066391305
1,4.10752766895882,5.00405621472419,0.0157603616374319
1,6.74089665480942,6.74717265158912,0.0407667953676883
2,-12.0114009554034,NA,NA
2,-5.02879258631515,NA,NA
2,-2.36250094630955,4.09314968493245,0.0744933229845319
2,-3.96622472832745,2.57520357290367,0.0877532134847638
2,-4.63755132948213,NA,NA
2,-5.00220163094534,NA,NA
2,-3.06268655520205,3.68958574357346,0.0796952049404625
2,-0.429317569351452,6.20051403774255,0.0531863420398251
2,-7.77925658143455,NA,NA
2,-0.796648212346261,6.27300559281025,0.0170059283952733
2,1.86964342765935,7.3901178946612,0.0248423214099915
2,0.26591964564144,7.04859024487616,0.0374309236043551
2,-0.405406955513238,6.54895330561503,0.0538639267731427
2,-0.770057256976442,6.19177308195613,0.0641755884121877
2,1.16945781876685,7.46188170814154,0.0489647804130534
2,3.80282680461744,7.84768456129036,0.0318949316842613
2,-8.11836671721131,2.63626780946841,NA
2,-1.13575834812303,5.57088516785327,0.0329612968535931
2,1.53053329188258,7.28794236510244,0.0618174102252656
2,-0.0731904901353264,6.53802078918485,0.0824125520589909
2,-0.744517091290005,5.80535326346573,0.0250747257593301
2,-1.10916739275321,5.66545279463744,0.348366335924674
2,0.830347682990082,7.21442471109853,0.0933196862761189
2,3.46371666884068,7.90092387947078,0.0284654233656814
2,-9.70219358573645,NA,NA
2,-2.71958521664817,4.05024620644064,0.0751670778007893
2,-0.0532935766425577,6.34313961328605,0.0953298247227608
2,-1.65701735866046,5.17883135361099,0.0816604037484466
2,-2.32834395981514,4.37090064899353,0.102354643974333
2,-2.69299426127835,3.74693814803656,0.263709113999316
2,-0.753479185535056,6.13894708495962,0.0281590997471607
2,1.87988980031554,7.30792970327247,0.0592674490446209
2,-11.240090309542,NA,NA
2,-4.25748194045372,2.38048682828615,0.11830763127537
2,-1.59119030044811,5.06803107761731,0.0641782460437617
2,-3.19491408246602,3.58794099782238,0.120509148583746
2,-3.8662406836207,NA,NA
2,-4.2308909850839,NA,NA
2,-2.29137590934061,4.60329821977509,0.109116490966867
2,0.341993076509983,7.62380714192822,0.0632061693840799
2,-4.84118673124257,NA,NA
2,2.14142163784571,7.28613045935546,0.0688686998171828
2,4.80771327785132,7.80082083010918,0.0775611903826305
2,3.20398949583341,7.75690477761237,0.0646972479048167
2,2.53266289467874,7.50875777617124,0.0690867912542309
2,2.16801259321553,7.31279277910041,0.0755002795950984
2,4.10752766895882,7.87350377719272,0.0767115822589662
2,6.74089665480942,8.1579613508231,0.0716311086832153
3,-12.0114009554034,NA,NA
3,-5.02879258631515,2.89626471626662,0.0696529277645986
3,-2.36250094630955,2.51310366313195,NA
3,-3.96622472832745,2.99798646658518,0.149545180333345
3,-4.63755132948213,2.63673373349396,0.104895028734759
3,-5.00220163094534,NA,NA
3,-3.06268655520205,2.95092013816384,0.240752829187391
3,-0.429317569351452,4.39811070711961,0.0253298212661319
3,-7.77925658143455,NA,NA
3,-0.796648212346261,4.698136206997,0.0494477209678978
3,1.86964342765935,7.05558060968426,0.0251725118482159
3,0.26591964564144,5.24054498286826,0.0300573291304962
3,-0.405406955513238,4.80668077409723,0.0286325930954841
3,-0.770057256976442,4.68264288502261,0.0443365173731302
3,1.16945781876685,5.94589958322779,0.0205875086866089
3,3.80282680461744,8.83160950814703,0.0585770638294409
3,-8.11836671721131,NA,NA
3,-1.13575834812303,4.33490311999433,0.0795160769805508
3,1.53053329188258,6.76142882127838,0.0956648812597886
3,-0.0731904901353264,4.85140249626107,0.0813191334992315
3,-0.744517091290005,4.44234828148843,0.0687640289009369
3,-1.10916739275321,4.3648564885694,0.336758569533443
3,0.830347682990082,5.65057512325438,0.0833164258073697
3,3.46371666884068,8.5214526237925,0.063734591484135
3,-9.70219358573645,NA,NA
3,-2.71958521664817,3.60167681530003,0.0613297275508219
3,-0.0532935766425577,5.45544215421414,0.0657232723277154
3,-1.65701735866046,3.82946215810752,0.0884984677416532
3,-2.32834395981514,3.46193046123422,0.11088973059555
3,-2.69299426127835,2.99921258992095,NA
3,-0.753479185535056,4.52864782143306,0.093395580351065
3,1.87988980031554,7.3662052322683,0.0404431115549112
3,-11.240090309542,NA,NA
3,-4.25748194045372,2.80885903304985,0.110729269651966
3,-1.59119030044811,4.01168343134178,0.0199074050686088
3,-3.19491408246602,3.23222340222791,0.164803325632279
3,-3.8662406836207,2.78664506176166,0.273005678069251
3,-4.2308909850839,NA,NA
3,-2.29137590934061,3.54067857419594,0.0165206017743212
3,0.341993076509983,6.07448644368608,0.0731561331751594
3,-4.84118673124257,2.64901571322097,NA
3,2.14142163784571,7.81810929122693,0.0577033218435854
3,4.80771327785132,9.88445378374266,0.0328518887113705
3,3.20398949583341,8.18158721966019,0.0709389380829737
3,2.53266289467874,7.79192625640259,0.0564616741412324
3,2.16801259321553,7.71392131623603,0.0407652151697817
3,4.10752766895882,8.86552091277766,0.0341913869130241
3,6.74089665480942,10.6345421862787,0.0478690815146662
4,-12.0114009554034,2.40934199846709,0.0916392956851471
4,-5.02879258631515,5.89614130325811,0.00758796391576094
4,-2.36250094630955,8.84344203782184,0.0501265869428418
4,-3.96622472832745,6.8421956906824,0.027127115766987
4,-4.63755132948213,6.24868335736708,0.0217056520342657
4,-5.00220163094534,5.83285924187158,0.0266833368813661
4,-3.06268655520205,7.82626036197398,0.0440711266984959
4,-0.429317569351452,10.4885987292569,0.0221946045576264
4,-7.77925658143455,4.03103172316351,0.181087779971656
4,-0.796648212346261,10.200317704179,0.0995095515554514
4,1.86964342765935,10.771863322432,0.0476998780707605
4,0.26591964564144,10.730280855394,0.0350455024341516
4,-0.405406955513238,10.5046570588658,0.0738292665933207
4,-0.770057256976442,10.5035667312405,0.0104366311811905
4,1.16945781876685,10.8445901352616,0.0661539259466841
4,3.80282680461744,11.0848367494504,0.0267486076377831
4,-8.11836671721131,3.69043821136964,0.0504090831012432
4,-1.13575834812303,9.85457589002041,0.0187772335248372
4,1.53053329188258,10.6950807770802,0.0545939909595627
4,-0.0731904901353264,10.5034436415206,0.0777508199497514
4,-0.744517091290005,10.0897121289264,0.00901794634578986
4,-1.10916739275321,10.1575605130932,0.154792839740408
4,0.830347682990082,10.8501233636057,0.0423368190725417
4,3.46371666884068,11.1577476105561,0.0194864070076675
4,-9.70219358573645,2.946525689234,0.0331443164284991
4,-2.71958521664817,8.62628775699937,0.0659978600464911
4,-0.0532935766425577,10.4747509269114,0.0454447800133445
4,-1.65701735866046,9.61901558889285,0.0942856200389109
4,-2.32834395981514,8.92635129770143,0.0628753220818107
4,-2.69299426127835,8.57060720457398,0.0620779226434581
4,-0.753479185535056,10.3005670887097,0.0182475614426659
4,1.87988980031554,10.9609554717714,0.00671201421224764
4,-11.240090309542,NA,NA
4,-4.25748194045372,6.78950886589794,0.0282260041778106
4,-1.59119030044811,9.81509006747768,0.0226281852104942
4,-3.19491408246602,7.91288477379899,0.0993907166241061
4,-3.8662406836207,7.05802898552723,0.0419158682206334
4,-4.2308909850839,6.67867651990412,0.0799936683032672
4,-2.29137590934061,8.93563072571103,0.0910665883876009
4,0.341993076509983,10.8960164277563,0.0260564343431843
4,-4.84118673124257,5.21387945468411,0.148605616001169
4,2.14142163784571,10.376290051557,0.0560118529649375
4,4.80771327785132,10.7559441146612,0.0424848318156281
4,3.20398949583341,10.7465906682718,0.0366498250098482
4,2.53266289467874,10.60523062792,0.0401210716251561
4,2.16801259321553,10.6706785523294,0.0140407233355316
4,4.10752766895882,10.8181616074924,0.0202288683657834
4,6.74089665480942,11.0874363896502,0.0422170083814435
