"score","logz","prediction","sd"
-20.080892907125,NA,3.48035906803567,NA
-12.1926549193667,5.12522308025945,5.28033316274885,0.057574446178904
-9.51877987203856,7.78224299126942,7.76883763959437,0.0325389447419434
-11.7815985427683,5.61183879827436,5.63354001336102,0.148474029632656
-12.1057443655037,5.21718249831227,5.35330625523265,0.0522959291238921
-12.3207339950311,5.70287171257211,5.17468680910793,0.0161149592909726
-10.8640975500606,7.03536891826962,6.4758775538183,0.0719654532297022
-7.49702248662248,10.2497748175279,9.6553939919407,0.035434334734224
-14.2918297194719,4.19501387462208,3.96152210561025,0.0611029057602688
-6.40359173171362,10.2260723985154,10.5119892705981,0.0480887701247583
-3.72971668438545,11.4413852320371,11.5249848073632,0.0381164605841595
-5.9925353551152,10.4430676929264,10.7739776480454,0.0800912894397493
-6.31668117785058,10.2943874490841,10.5705856246676,0.0437911488056106
-6.53167080737799,10.1111816586381,10.4226864642221,0.0165669970177526
-5.07503436240747,11.0351594033468,11.2107943079912,0.12199696816372
-1.70795929896936,11.7804562519297,11.6446820072857,0.0306336910090617
-13.9245393670077,4.8591461996611,4.11851534303141,0.0106026682662476
-6.03630137924935,11.0177818653814,10.7479585193167,0.0271624290955365
-3.36242633192118,11.6627411075737,11.5657746511837,0.0699413739831129
-5.62524500265093,11.1367065137839,10.9738290760249,0.0718753933755946
-5.94939082538631,11.0805280370117,10.7991744428701,0.036059341089993
-6.16438045491372,10.8874225251413,10.6691948755465,0.004657805515061
-4.7077440099432,11.3911946307899,11.3296454273949,0.0190440884016731
-1.34066894650509,11.7516119252069,11.6506660659279,0.0648922184443738
-15.6467329411397,3.30676354974029,3.62707738734596,0.198976016592631
-7.75849495338143,9.36429385479368,9.42575072450605,0.0269067543589511
-5.08461990605326,11.2502577782775,11.2072894098369,0.0147796475820115
-7.34743857678302,9.64661217600996,9.78335371539293,0.00330395837736875
-7.67158439951839,9.47851166359054,9.5028552922064,0.0563282515408873
-7.8865740290458,9.20747539965794,9.31086003277407,0.0177504957650212
-6.42993758407528,10.4140257374359,10.4939027322532,0.0406979614683298
-3.06286252063718,11.6001976255174,11.5903576061608,0.0643265234171197
-17.5020637706131,3.96135633544111,3.50321179526933,0.117714002448673
-9.61382578285478,7.54331109797019,7.67695001778308,0.0130860596982697
-6.9399507355266,10.2675303138023,10.1165442961549,0.0157936287207236
-9.20276940625636,8.01256406840296,8.07377598233719,0.0549697961746406
-9.52691522899174,7.7177932671513,7.76097449591448,0.0926461807040426
-9.74190485851915,7.36877910570172,7.55308299232155,0.0233385354625697
-8.28526841354863,8.94227150439344,8.94512834127466,0.0103628724660504
-4.91819335011052,11.3028894378023,11.265162780343,0.0667598030112728
-10.604538742663,6.74435443015857,6.72245022533178,0.0664512334414673
-2.71630075490471,11.2853737695466,11.6114485665515,0.041857835136888
-0.0424257075765375,11.7985180301736,11.6605462579322,0.0586672601257863
-2.30524437830629,11.404153733101,11.6289458753609,0.0569082696838348
-2.62939020104167,11.4999200224995,11.6157414529417,0.0855629843020533
-2.84437983056908,11.3754162840286,11.6044413777872,0.0256665965149781
-1.38774338559856,11.3788558437752,11.6500144399461,0.0162835431079034
1.97933167783955,11.9627995621597,11.6637865052798,0.0325670328670144
