"score","logz","prediction","sd"
-20.080892907125,NA,3.47846648504089,NA
-12.1926549193667,NA,3.49648204260901,NA
-9.51877987203856,3.09369124818373,3.71242713903262,0.0732815972397406
-11.7815985427683,3.05422680804783,3.50552168372954,0.0580651662130709
-12.1057443655037,NA,3.49810247814767,NA
-12.3207339950311,NA,3.49433256857069,NA
-10.8640975500606,NA,3.54486618839815,NA
-7.49702248662248,4.33078808761768,4.5736212561754,0.0572536314859177
-14.2918297194719,3.41054556689885,3.48068599479575,0.178508728556601
-6.40359173171362,5.38766366315663,5.41455355957275,0.0599299353760858
-3.72971668438545,7.91823409215473,7.92238978028262,0.0121704303554386
-5.9925353551152,5.93661129848832,5.77500741201683,0.0124077042349173
-6.31668117785058,5.49964759971433,5.48925258374229,0.026814830240383
-6.53167080737799,5.31471639097111,5.30616243911131,0.031229192309603
-5.07503436240747,6.48134713042924,6.62661754707345,0.113275900586618
-1.70795929896936,9.83774794212949,9.7912978945361,0.0252737174039879
-13.9245393670077,3.03203451574236,3.48167249213791,0.17146187837332
-6.03630137924935,5.639683780301,5.73582768701012,0.0578043089086206
-3.36242633192118,8.13786888802964,8.27579871708093,0.0254112872815718
-5.62524500265093,6.12719390379463,6.10985870173304,0.0605193944262331
-5.94939082538631,5.68932014810781,5.81379542078796,0.0460479831347091
-6.16438045491372,5.52048320276499,5.62219681777627,0.0090075366621432
-4.7077440099432,6.66089094159631,6.97795323830533,0.0429946140558712
-1.34066894650509,9.80451668203244,10.0922404062617,0.0539285550928577
-15.6467329411397,3.26785631857153,3.47903446968035,0.261800266668238
-7.75849495338143,4.45174706805441,4.40749802616376,0.0493709566514695
-5.08461990605326,6.85790965185749,6.61750211035543,0.0336544538268808
-7.34743857678302,4.98042847412089,4.67555692124553,0.0392633470736592
-7.67158439951839,4.56649791885736,4.46095720891824,0.0409138884568398
-7.8865740290458,4.42448553926139,4.33200749159032,0.107396109874242
-6.42993758407528,5.41338845780476,5.39208827791759,0.0742221966814038
-3.06286252063718,8.4479014966371,8.56166653277265,0.0258356494181239
-17.5020637706131,3.09720855785831,3.47854958526573,0.268947322728469
-9.61382578285478,3.65242851509523,3.69333261362269,0.0485790463492701
-6.9399507355266,5.09243597397774,4.97621337237267,0.0547863235534256
-9.20276940625636,4.34830653030109,3.78709098810059,0.0466439402623472
-9.52691522899174,4.03174547858329,3.71073558031841,0.0637409790886271
-9.74190485851915,3.82101131227135,3.66981506500794,0.0922098110446875
-8.28526841354863,4.24480145636015,4.12286731584449,0.120327345392794
-4.91819335011052,6.58409665702108,6.77619182068892,0.0286161891699927
-10.604538742663,4.08347329198969,3.56372760574803,0.117359702752188
-2.71630075490471,9.09779152227863,8.88816079584539,0.0552961850736922
-0.0424257075765375,10.9998745076001,10.949987601302,0.0188370826991794
-2.30524437830629,9.35210083120863,9.26675818519066,0.00929506335133857
-2.62939020104167,9.06799123846395,8.96910663434587,0.066079791370492
-2.84437983056908,8.88890637434177,8.76813838787056,0.0615779112463851
-1.38774338559856,9.86943718461091,10.0547999999978,0.0511516018281761
1.97933167783955,11.7423464304283,11.5349062139889,0.0992846003661381
